-0.052179 -0.056461 -0.053792 -0.054784 -0.054559 -0.090620 -0.056119 -0.055508 
-0.045136 -0.046115 -0.048199 -0.048978 -0.050743 -0.087005 -0.052973 -0.051375 
-0.062805 -0.062088 -0.062235 -0.063628 -0.063896 -0.099426 -0.067007 -0.063987 
-0.058770 -0.060970 -0.060101 -0.062204 -0.061620 -0.097773 -0.059726 -0.062440 
-0.052524 -0.054161 -0.054686 -0.054658 -0.054697 -0.091531 -0.055773 -0.057233 
-0.063109 -0.061755 -0.061446 -0.062466 -0.066397 -0.098609 -0.066015 -0.065987 
-0.043851 -0.047496 -0.049488 -0.047947 -0.048540 -0.086738 -0.052108 -0.049601 
-0.060540 -0.060198 -0.057383 -0.060695 -0.059236 -0.100182 -0.062028 -0.062846


-0.012610 -0.014108 -0.025653 -0.009359 -0.008249 0.400172 -0.007470 -0.012362 
-0.020917 -0.020306 -0.018175 -0.014147 -0.012693 0.400089 0.003356 -0.015476 
-0.017685 -0.013378 -0.015250 -0.004028 -0.001798 0.392000 -0.011217 0.005668 
-0.009443 -0.028217 -0.006544 -0.012524 -0.002761 0.369294 -0.005583 -0.004076 
-0.114181 -0.099691 -0.086037 -0.079578 -0.091389 0.239546 -0.098629 -0.101114 
-0.115307 -0.107958 -0.118277 -0.096699 -0.116732 0.273815 -0.101857 -0.094783 
-0.125557 -0.140716 -0.164936 -0.145436 -0.124306 0.243958 -0.129841 -0.114684 
-0.112348 -0.100761 -0.125718 -0.124302 -0.122900 0.229571 -0.130586 -0.110023


1 1 1 1 1 1

5	5	5	5	5	5	5
5	5	5	5	5	5	5
5	5	5	5	5	5	5
5	5	5	5	5	5	5
5 5 5 5

0 0 0 0 0 0 0 0
0 0 0 0 0 0 0 0
0 0 0 0 0 0 0 0
0 0 0 0 0 0 0 0
0 0 0 0 0 0 0 0
0 0 0 0 0 0 0 0
0 0 0 0 0 0 0 0
0 0 0 0 0 0 0 0

0 0 0 0 0 0 0 0
0 0 0 0 0 0 0 0
0 0 0 0 0 0 0 0
0 0 0 0 0 0 0 0
0 0 0 0 0 0 0 0
0 0 0 0 0 0 0 0
0 0 0 0 0 0 0 0
0 0 0 0 0 0 0 0

0 0 0 0 0 0

0	0	0	0	0	0	0
0	0	0	0	0	0	0
0	0	0	0	0	0	0
0	0	0	0	0	0	0
0 0 0 0

0 0 0 0 0 0

0	0	0	0	0	0	0
0	0	0	0	0	0	0
0	0	0	0	0	0	0
0	0	0	0	0	0	0
0 0 0 0

1 1 1 1 1 1
						
1	1	1	1	1	1	1
1	1	1	1	1	1	1
1	1	1	1	1	1	1
1	1	1	1	1	1	1
1 1 1 1
