0.703076 0.695164 0.697768 0.695082 0.693789 0.636552 0.685896 0.682628 
0.694773 0.691230 0.688336 0.687499 0.683499 0.628414 0.675826 0.674353 
0.697622 0.697329 0.694975 0.689982 0.686667 0.629930 0.675245 0.676918 
0.716772 0.711757 0.711414 0.705838 0.704438 0.644102 0.703269 0.694385 
0.719754 0.714948 0.711546 0.709492 0.706599 0.646313 0.700506 0.693267 
0.706492 0.706755 0.706520 0.702809 0.692829 0.640138 0.687320 0.682869 
0.730485 0.722821 0.717507 0.719310 0.716502 0.652717 0.705593 0.707090 
0.693364 0.690990 0.694113 0.686450 0.686216 0.621548 0.675937 0.670444


0.598892 0.607387 0.588120 0.619846 0.620879 1.743301 0.623225 0.612024 
0.603829 0.608037 0.616252 0.610695 0.622594 1.637647 0.632787 0.623959 
0.605440 0.622599 0.618266 0.651249 0.630757 1.761381 0.621130 0.665131 
0.662794 0.637872 0.626846 0.643573 0.635711 1.819564 0.654622 0.670781 
0.619396 0.630651 0.628763 0.630608 0.616515 1.781630 0.642157 0.663080 
0.636152 0.626411 0.633056 0.631820 0.668018 1.848227 0.661266 0.624434 
0.574357 0.598460 0.591485 0.587525 0.617353 1.750148 0.626311 0.615243 
0.638249 0.640451 0.644950 0.618887 0.648419 1.762232 0.661117 0.650061 


1 1 1 1 1 1

5	5	5	5	5	5	5
5	5	5	5	5	5	5
5	5	5	5	5	5	5
5	5	5	5	5	5	5
5 5 5 5

-1066.479620 -1195.256762 -1164.769548 -1224.911270 -1257.231552 -2155.401966 -1381.537586 -1407.424071 
-881.297781 -924.458773 -999.578147 -1050.192690 -1125.757568 -1989.581417 -1258.121331 -1253.684091 
-1336.875680 -1356.590457 -1398.399848 -1474.783926 -1526.231480 -2451.350312 -1718.244841 -1685.035131 
-1270.234277 -1360.722425 -1377.324427 -1474.954013 -1504.357234 -2473.148588 -1551.434260 -1687.376864 
-1107.128125 -1174.929501 -1219.177687 -1253.739359 -1291.318665 -2240.333038 -1408.777086 -1495.838971 
-1367.888002 -1371.035662 -1405.282905 -1474.752397 -1627.979248 -2482.536477 -1724.996075 -1780.707526 
-903.979748 -1011.532404 -1086.660327 -1081.699982 -1129.665508 -2095.349128 -1301.811781 -1273.422644 
-1264.462740 -1287.621907 -1256.127670 -1375.963385 -1378.816815 -2428.499434 -1547.639706 -1622.252054

-24.089351 -26.947203 -47.955389 -17.417918 -15.092193 732.426840 -13.302870 -21.590756 
-41.203575 -39.475943 -34.997105 -26.249855 -23.556561 720.187457 5.908771 -27.789510 
-34.630406 -26.165100 -29.234317 -7.773120 -3.289071 730.425535 -20.096267 10.294242 
-19.851988 -59.037547 -12.435197 -24.429838 -5.102510 725.132085 -10.403212 -7.654215 
-322.759255 -264.762862 -210.655368 -187.140298 -213.822227 632.679576 -241.905519 -257.623781 
-341.748398 -294.517111 -336.559570 -243.625448 -343.251053 668.195268 -263.978672 -216.679629 
-332.695616 -419.962831 -543.683187 -409.732714 -334.578176 632.768912 -352.127334 -277.410445 
-329.753375 -274.911043 -383.453733 -343.429968 -355.566525 621.371199 -389.287641 -283.017158 


0 0 0 0 0 0

0	0	0	0	0	0	0
0	0	0	0	0	0	0
0	0	0	0	0	0	0
0	0	0	0	0	0	0
0 0 0 0

0 0 0 0 0 0

0	0	0	0	0	0	0
0	0	0	0	0	0	0
0	0	0	0	0	0	0
0	0	0	0	0	0	0
0 0 0 0

1 1 1 1 1 1
						
1	1	1	1	1	1	1
1	1	1	1	1	1	1
1	1	1	1	1	1	1
1	1	1	1	1	1	1
1 1 1 1
