7.119285 7.189015 7.164067 7.192589 7.203301 0 7.283564 7.301667 
7.202203 7.239160 7.268848 7.269648 7.294965 0 7.386258 7.418788 
7.171579 7.170032 7.195271 7.249428 7.290094 0 7.398673 7.382044 
6.984644 7.025962 7.027039 7.075609 7.084371 0 7.104482 7.194258 
6.945364 6.993346 7.027109 7.045914 7.073505 0 7.134422 7.200980 
7.076704 7.077679 7.075581 7.118581 7.213834 0 7.272760 7.313849 
6.846188 6.918221 6.973868 6.953526 6.975510 0 7.075298 7.068957 
7.207938 7.237108 7.207352 7.286490 7.280990 0 7.389620 7.453181 

4.173691 4.114055 4.256177 4.038282 4.035254 0 4.020016 4.103249 
4.148993 4.109887 4.059332 4.101587 4.021619 0 3.954882 4.002934 
4.126048 4.016479 4.039287 3.846536 3.962918 0 4.020592 3.771003 
3.774453 3.906838 3.991677 3.881372 3.943060 0 3.825090 3.731580 
4.036555 3.965227 3.975790 3.966106 4.064716 0 3.899913 3.781353 
3.929970 3.987746 3.951277 3.949583 3.747809 0 3.789810 4.001733 
4.354134 4.173279 4.223865 4.269589 4.062405 0 3.980715 4.053748 
3.919655 3.902339 3.878731 4.044982 3.854071 0 3.788648 3.844367 


1 1 1 1 1 1

5	5	5	5	5	5	5
5	5	5	5	5	5	5
5	5	5	5	5	5	5
5	5	5	5	5	5	5
5 5 5 5

0 0 0 0 0 0 0 0
0 0 0 0 0 0 0 0
0 0 0 0 0 0 0 0
0 0 0 0 0 0 0 0
0 0 0 0 0 0 0 0
0 0 0 0 0 0 0 0
0 0 0 0 0 0 0 0
0 0 0 0 0 0 0 0 
  

0 0 0 0 0 0 0 0
0 0 0 0 0 0 0 0
0 0 0 0 0 0 0 0
0 0 0 0 0 0 0 0
0 0 0 0 0 0 0 0
0 0 0 0 0 0 0 0
0 0 0 0 0 0 0 0
0 0 0 0 0 0 0 0  


0 0 0 0 0 0

0	0	0	0	0	0	0
0	0	0	0	0	0	0
0	0	0	0	0	0	0
0	0	0	0	0	0	0
0 0 0 0

0 0 0 0 0 0

0	0	0	0	0	0	0
0	0	0	0	0	0	0
0	0	0	0	0	0	0
0	0	0	0	0	0	0
0 0 0 0

1 1 1 1 1 1
						
1	1	1	1	1	1	1
1	1	1	1	1	1	1
1	1	1	1	1	1	1
1	1	1	1	1	1	1
1 1 1 1
